935,15
0,293
935,7
935,6
935,5
935,4
0,362
935,57
935,3
587,1
587,5
589,6
589,1
589,4
734,6
734,1
734,4
2,9
1,7
823,1
823,3
0,474
0,484
0,487
823,0
0,388
0,385
744,1
744,3
744,0
751,1
751,3
751,0
728,1
728,3
760,1
760,3
494,3
494,1
494,4
492,3
492,1
492,5
604,8
604,1
604,5
690,4
2,204
2,205
2,206
691,1
691,3
691,0
2,6
690,1
690,3
0,399
0,405
690,0
490,3
491,3
491,6
518,3
539,3
541,1
541,5
541,4
518,1
518,5
539,9
539,8
539,1
539,5
531,3
532,5
515,1
515,3
490,5
532,1
532,6
496,3
496,5
496,4
485,3
595,5
595,3
595,1
595,4
612,3
613,6
612,6
612,4
497,3
498,5
498,4
497,5
497,4
532,3
0,4
935,1
935,46
935,44
0,286
0,392
743,4
2,215
1,6
743,1
743,3
0,401
0,458
0,463
743,0
0,282
0,472
0,322
0,0
0,283
2,13
0,306
2,226
0,281
0,403
1,1
1,5
0,280
517,2
517,8
517,7
517,6
517,5
0,328
2,192
2,1
2,194
2,3
1,4
1,3
0,304
0,303
619,1
619,3
0,383
0,12
0,313
0,11
0,314
0,10
619,0
0,1
0,384
0,8
517,3
517,1
517,4
484,3
484,1
484,4
532,4
480,5
480,3
480,9
480,1
480,4
935,56
935,42
935,41
935,53
0,277
0,406
801,6
801,1
801,5
801,4
802,3
802,7
802,4
512,6
512,5
512,1
512,4
540,39
540,23
540,1
540,5
537,1
537,4
541,6
514,5
514,1
514,4
513,1
513,6
510,5
510,1
510,4
508,1
508,5
506,1
506,5
852,1
852,4
511,1
511,5
539,10
539,6
543,1
543,3
545,1
545,4
907,1
907,5
481,12
481,23
481,16
481,3
481,17
481,1
481,4
487,1
487,4
2,225
804,1
804,3
804,0
535,4
542,4
542,1
542,3
542,0
2,15
2,19
535,1
535,3
0,357
535,0
491,1
490,1
496,1
485,1
613,1
612,1
798,5
798,4
798,1
798,3
0,483
798,0
2,20
2,21
